here1
array (1,178) [(1,-0.314612261061171),(2,0.31461226106116924),(3,-0.314612261061171),(4,-0.314612261061171),(5,-0.314612261061171),(6,-0.314612261061171),(7,0.31461226106116924),(8,-0.314612261061171),(9,-0.314612261061171),(10,-0.314612261061171),(11,0.31461226106116924),(12,0.31461226106116924),(13,0.31461226106116924),(14,-0.314612261061171),(15,-0.314612261061171),(16,0.31461226106116924),(17,-0.314612261061171),(18,0.31461226106116924),(19,-0.314612261061171),(20,0.31461226106116924),(21,0.31461226106116924),(22,0.31461226106116924),(23,0.31461226106116924),(24,-0.314612261061171),(25,0.31461226106116924),(26,0.31461226106116924),(27,-0.314612261061171),(28,-0.314612261061171),(29,0.31461226106116924),(30,-0.314612261061171),(31,-0.314612261061171),(32,-0.314612261061171),(33,-0.314612261061171),(34,-0.314612261061171),(35,-0.314612261061171),(36,0.31461226106116924),(37,0.31461226106116924),(38,0.31461226106116924),(39,-0.314612261061171),(40,0.31461226106116924),(41,0.31461226106116924),(42,0.31461226106116924),(43,-0.314612261061171),(44,0.31461226106116924),(45,0.31461226106116924),(46,0.31461226106116924),(47,-0.314612261061171),(48,0.31461226106116924),(49,0.31461226106116924),(50,0.31461226106116924),(51,-0.314612261061171),(52,0.31461226106116924),(53,0.31461226106116924),(54,-0.314612261061171),(55,0.31461226106116924),(56,-0.314612261061171),(57,-0.314612261061171),(58,-0.314612261061171),(59,0.31461226106116924),(60,-0.314612261061171),(61,0.31461226106116924),(62,-0.314612261061171),(63,0.31461226106116924),(64,0.31461226106116924),(65,-0.314612261061171),(66,0.31461226106116924),(67,-0.314612261061171),(68,0.31461226106116924),(69,-0.314612261061171),(70,0.31461226106116924),(71,0.31461226106116924),(72,0.31461226106116924),(73,-0.314612261061171),(74,-0.314612261061171),(75,0.31461226106116924),(76,0.31461226106116924),(77,0.31461226106116924),(78,-0.314612261061171),(79,-0.314612261061171),(80,-0.314612261061171),(81,-0.314612261061171),(82,-0.314612261061171),(83,-0.314612261061171),(84,-0.314612261061171),(85,-0.314612261061171),(86,0.31461226106116924),(87,0.31461226106116924),(88,0.31461226106116924),(89,0.31461226106116924),(90,0.31461226106116924),(91,-0.314612261061171),(92,0.31461226106116924),(93,-0.314612261061171),(94,-0.314612261061171),(95,0.31461226106116924),(96,0.31461226106116924),(97,0.31461226106116924),(98,0.31461226106116924),(99,0.31461226106116924),(100,0.31461226106116924),(101,-0.314612261061171),(102,0.31461226106116924),(103,-0.314612261061171),(104,-0.314612261061171),(105,-0.314612261061171),(106,0.31461226106116924),(107,-0.314612261061171),(108,-0.314612261061171),(109,0.31461226106116924),(110,0.31461226106116924),(111,0.31461226106116924),(112,0.31461226106116924),(113,-0.314612261061171),(114,0.31461226106116924),(115,-0.314612261061171),(116,0.31461226106116924),(117,0.31461226106116924),(118,0.31461226106116924),(119,0.31461226106116924),(120,0.31461226106116924),(121,0.31461226106116924),(122,-0.314612261061171),(123,-0.314612261061171),(124,-0.314612261061171),(125,-0.314612261061171),(126,0.31461226106116924),(127,-0.314612261061171),(128,-0.314612261061171),(129,-0.314612261061171),(130,0.31461226106116924),(131,-0.314612261061171),(132,-0.314612261061171),(133,-0.314612261061171),(134,0.31461226106116924),(135,-0.314612261061171),(136,0.31461226106116924),(137,0.31461226106116924),(138,0.31461226106116924),(139,0.31461226106116924),(140,-0.314612261061171),(141,-0.314612261061171),(142,-0.314612261061171),(143,-0.314612261061171),(144,-0.314612261061171),(145,-0.314612261061171),(146,0.31461226106116924),(147,-0.314612261061171),(148,-0.314612261061171),(149,0.31461226106116924),(150,-0.314612261061171),(151,0.31461226106116924),(152,0.31461226106116924),(153,-0.314612261061171),(154,-0.314612261061171),(155,-0.314612261061171),(156,0.31461226106116924),(157,0.31461226106116924),(158,0.31461226106116924),(159,0.31461226106116924),(160,-0.314612261061171),(161,-0.314612261061171),(162,0.31461226106116924),(163,-0.314612261061171),(164,-0.314612261061171),(165,0.31461226106116924),(166,-0.314612261061171),(167,0.31461226106116924),(168,0.31461226106116924),(169,-0.314612261061171),(170,-0.314612261061171),(171,0.31461226106116924),(172,0.31461226106116924),(173,-0.314612261061171),(174,0.31461226106116924),(175,-0.314612261061171),(176,-0.314612261061171),(177,0.31461226106116924),(178,-0.314612261061171)]
test original :
[1,1,1,1,1,0,1,1,0,1,1,0,1,1,0,0,1,0,1,0,0,0,1,1,1,0,0,1,0,0,1,1,1,0,0,1,1,1,0,1,1,1,1,0,1,0,1,0,1,0,1,0,1,0,0,1,0,0,0,1,0]
test output decimal :
[0.8139674545032222,0.8160492457667208,0.839289651368805,1.0000767791509313,0.8186678961636474,0.48643485095384903,0.8491094930220562,0.8319520497863727,0.818146368736543,0.806675182235196,0.8584916729123495,0.7188061109993481,0.8556170895758201,0.8424325740153041,0.5771605629981739,0.8185902541993483,0.8317126073375715,0.7942913832367815,0.8517957260451723,0.7686951085133119,0.6872924260184449,1.005857325728641,0.8479717595349108,0.8221940091529754,0.8255204791369832,0.8746428833693398,0.654138174612519,0.8223456029625612,0.7661492211683949,0.8201449270323563,0.8289199018003355,0.8222114493920128,0.8195171291774693,0.7929587098306184,0.8193296031513815,0.8187290733463235,0.8243771060420836,0.8416396929433376,0.5748510407178984,0.8186645794402774,0.949535210670345,0.887083276102568,0.8162134824335155,0.695748641639718,0.8192215101001541,0.8186678961636474,0.8873543170834066,0.706727510322126,0.8604786689091705,0.8073747834515191,0.7242105167764141,0.8014165548571611,0.940436795411787,0.8065154474908507,0.7947905888405856,0.7952482001420819,0.7631071886710966,0.8190473109973542,0.8096530233186111,0.8342710326299928,0.8186251767520745]
test output rounded :
[1,1,1,1,1,0,1,1,1,1,1,1,1,1,1,1,1,1,1,1,1,1,1,1,1,1,1,1,1,1,1,1,1,1,1,1,1,1,1,1,1,1,1,1,1,1,1,1,1,1,1,1,1,1,1,1,1,1,1,1,1]
Accuracy :
[26.0,61.0,57.377049180327866]
